1|-3.10|-43.47|
2|-34.86|35.67|
3|43.78|-47.76|
4|24.84|41.82|
5|-29.73|-12.00|
6|-3.17|-44.83|
7|-37.11|36.51|
8|41.48|-48.59|
9|25.42|41.84|
10|-29.00|-14.12|
11|-4.94|-44.75|
12|-36.30|35.91|
13|42.30|-48.57|
14|23.10|41.51|
15|-29.14|-15.81|
16|-4.76|-45.39|
17|-34.83|34.25|
18|44.64|-47.62|
19|25.31|42.50|
20|-28.75|-13.35|
21|-3.13|-43.34|
22|-36.32|34.60|
23|41.23|-46.66|
24|26.95|40.59|
25|-28.77|-14.41|
26|-4.23|-43.23|
27|-36.11|36.06|
28|43.26|-47.30|
29|25.11|40.36|
30|-29.96|-13.69|
31|-3.71|-42.87|
32|-38.70|34.28|
33|41.32|-47.39|
34|26.17|42.77|
35|-29.43|-12.77|
36|-3.72|-43.72|
37|-36.73|35.79|
38|42.04|-48.72|
39|24.85|44.10|
40|-29.13|-13.23|
41|-5.23|-42.00|
42|-38.17|35.40|
43|41.68|-47.04|
44|25.21|40.65|
45|-30.21|-13.00|
46|-4.21|-43.38|
47|-38.17|34.02|
48|43.08|-48.00|
49|25.19|42.09|
50|-30.70|-13.28|
51|-3.01|-42.74|
52|-35.49|35.09|
53|41.63|-50.47|
54|27.78|42.75|
55|-29.76|-12.78|
56|-3.83|-42.70|
57|-38.71|34.68|
58|43.90|-48.95|
59|24.09|42.52|
60|-29.39|-12.96|
61|-5.96|-43.43|
62|-38.82|34.98|
63|41.46|-50.63|
64|26.12|42.01|
65|-29.11|-11.89|
66|-6.18|-43.26|
67|-35.75|35.29|
68|42.03|-49.36|
69|26.16|41.05|
70|-29.50|-13.94|
71|-4.08|-44.04|
72|-37.17|36.73|
73|40.66|-49.09|
74|26.59|40.45|
75|-29.56|-13.90|
76|-4.40|-41.97|
77|-36.39|34.91|
78|43.29|-48.50|
79|24.52|42.38|
80|-30.82|-13.94|
81|-5.74|-42.58|
82|-38.05|34.01|
83|42.21|-47.39|
84|26.66|41.41|
85|-31.86|-14.20|
86|-4.72|-43.87|
87|-36.01|34.72|
88|43.09|-49.00|
89|27.40|40.59|
90|-30.53|-13.81|
91|-5.46|-43.73|
92|-37.31|34.21|
93|42.76|-46.34|
94|23.39|42.37|
95|-31.16|-13.79|
96|-5.06|-44.51|
97|-36.29|36.38|
98|42.95|-48.29|
99|24.28|41.83|
100|-30.31|-13.30|
101|-3.63|-44.68|
102|-37.40|34.69|
103|43.01|-48.60|
104|25.41|42.13|
105|-30.12|-11.77|
106|-4.20|-42.91|
107|-38.29|33.27|
108|44.40|-48.49|
109|26.74|42.32|
110|-29.33|-14.34|
111|-4.31|-42.67|
112|-36.11|33.09|
113|44.01|-47.14|
114|25.24|42.19|
115|-31.04|-13.71|
116|-3.97|-45.46|
117|-36.61|36.43|
118|42.16|-49.24|
119|24.73|41.67|
120|-29.75|-12.93|
121|-5.97|-42.94|
122|-38.39|35.36|
123|44.58|-48.65|
124|25.89|42.36|
125|-30.72|-13.73|
126|-3.89|-43.07|
127|-35.71|33.97|
128|43.32|-49.45|
129|25.61|42.40|
130|-28.09|-13.76|
131|-6.94|-42.48|
132|-34.55|36.12|
133|44.10|-48.22|
134|25.69|41.65|
135|-31.56|-14.04|
136|-5.90|-45.24|
137|-37.35|34.03|
138|42.59|-48.22|
139|26.24|40.71|
140|-28.21|-15.03|
141|-5.58|-44.96|
142|-35.39|34.56|
143|40.97|-48.50|
144|25.26|41.45|
145|-28.41|-11.80|
146|-2.55|-42.80|
147|-35.51|34.54|
148|41.85|-48.98|
149|26.88|42.17|
150|-29.88|-13.19|
151|-3.95|-44.38|
152|-36.44|34.19|
153|42.01|-49.67|
154|25.85|43.65|
155|-27.97|-13.97|
156|-3.72|-43.34|
157|-36.44|34.29|
158|43.35|-48.67|
159|23.72|41.26|
160|-30.98|-13.60|
161|-3.05|-45.11|
162|-37.66|35.68|
163|43.08|-48.97|
164|24.17|41.73|
165|-30.19|-11.32|
166|-5.19|-43.75|
167|-37.68|34.43|
168|40.54|-47.97|
169|25.37|43.58|
170|-30.30|-14.14|
171|-4.09|-44.79|
172|-36.24|37.86|
173|42.25|-49.68|
174|24.92|41.41|
175|-29.26|-13.17|
176|-7.08|-43.64|
177|-36.23|35.65|
178|42.62|-48.66|
179|23.54|41.64|
180|-28.67|-14.91|
181|-5.10|-44.08|
182|-36.13|35.99|
183|41.46|-46.46|
184|25.93|43.35|
185|-32.02|-12.92|
186|-3.44|-45.11|
187|-37.01|34.42|
188|43.31|-49.06|
189|24.55|42.27|
190|-29.70|-11.62|
191|-5.67|-43.00|
192|-36.79|33.53|
193|40.31|-49.39|
194|23.19|42.26|
195|-30.93|-13.81|
196|-5.30|-43.51|
197|-35.86|33.34|
198|43.29|-48.39|
199|24.42|44.22|
200|-28.56|-14.21|
201|-3.83|-43.72|
202|-37.98|33.44|
203|45.49|-49.91|
204|26.46|41.18|
205|-29.98|-13.50|
206|-4.15|-44.03|
207|-34.34|35.02|
208|42.58|-48.50|
209|24.39|42.81|
210|-31.07|-13.25|
211|-5.36|-42.50|
212|-38.15|35.75|
213|41.92|-48.92|
214|27.37|39.55|
215|-30.94|-15.15|
216|-5.32|-43.45|
217|-38.96|34.67|
218|43.60|-50.76|
219|24.48|41.12|
220|-28.39|-14.03|
221|-3.99|-44.61|
222|-36.95|34.75|
223|43.22|-47.25|
224|26.44|42.28|
225|-30.74|-14.42|
226|-4.69|-44.54|
227|-36.83|35.68|
228|42.07|-48.08|
229|25.28|40.25|
230|-30.10|-13.75|
231|-5.93|-44.89|
232|-36.46|35.15|
233|42.07|-48.94|
234|26.57|43.68|
235|-27.57|-14.16|
236|-4.06|-43.50|
237|-35.47|35.90|
238|41.60|-51.24|
239|23.94|41.14|
240|-29.49|-14.02|
241|-6.09|-43.92|
242|-37.36|34.53|
243|41.66|-49.27|
244|25.91|41.39|
245|-27.77|-13.76|
246|-5.44|-43.65|
247|-38.32|36.33|
248|43.00|-48.42|
249|26.01|42.33|
250|-30.29|-13.77|
251|-5.10|-43.15|
252|-36.28|34.40|
253|43.84|-48.00|
254|24.88|42.56|
255|-29.61|-13.92|
256|-4.30|-44.59|
257|-34.32|35.21|
258|43.22|-48.45|
259|24.74|41.82|
260|-30.86|-15.99|
261|-3.58|-44.66|
262|-36.65|36.32|
263|43.29|-47.84|
264|24.12|43.40|
265|-30.39|-14.07|
266|-5.29|-44.56|
267|-38.05|34.11|
268|41.10|-49.99|
269|25.88|40.61|
270|-31.54|-13.61|
271|-4.30|-42.97|
272|-36.17|35.40|
273|44.11|-47.99|
274|24.89|40.91|
275|-30.60|-13.54|
276|-3.48|-44.96|
277|-36.56|34.53|
278|42.78|-49.60|
279|25.18|41.73|
280|-30.84|-15.11|
281|-4.54|-43.87|
282|-35.73|35.22|
283|40.79|-47.86|
284|26.17|41.50|
285|-29.06|-15.37|
286|-3.75|-43.26|
287|-35.88|35.33|
288|43.30|-49.20|
289|25.23|41.78|
290|-31.48|-13.72|
291|-3.96|-43.84|
292|-34.93|33.08|
293|41.51|-49.96|
294|24.73|39.87|
295|-27.97|-14.61|
296|-4.55|-44.63|
297|-36.30|34.03|
298|42.95|-48.14|
299|24.26|41.28|
300|-29.36|-11.07|
301|-3.79|-44.35|
302|-36.80|34.64|
303|43.68|-48.42|
304|26.99|42.77|
305|-29.29|-13.59|
306|-4.29|-44.02|
307|-36.42|34.77|
308|42.83|-47.96|
309|24.89|41.77|
310|-30.25|-13.30|
311|-4.39|-42.68|
312|-36.36|33.22|
313|42.31|-46.48|
314|24.81|42.77|
315|-30.46|-14.19|
316|-3.49|-44.01|
317|-35.09|34.66|
318|42.80|-48.46|
319|26.39|40.94|
320|-31.55|-14.92|
321|-6.06|-44.69|
322|-35.31|35.55|
323|42.98|-49.33|
324|24.95|43.84|
325|-31.54|-14.22|
326|-4.84|-45.01|
327|-34.85|33.81|
328|39.57|-49.78|
329|23.11|42.97|
330|-29.60|-12.74|
331|-4.36|-43.64|
332|-37.51|34.16|
333|42.46|-50.52|
334|24.55|42.64|
335|-30.23|-13.95|
336|-4.63|-43.58|
337|-37.73|34.15|
338|42.29|-50.15|
339|25.67|42.20|
340|-30.21|-14.32|
341|-4.87|-43.47|
342|-35.97|34.06|
343|41.83|-49.07|
344|25.86|42.86|
345|-30.37|-13.31|
346|-3.73|-44.88|
347|-36.57|34.61|
348|42.88|-50.47|
349|25.31|44.17|
350|-27.62|-12.72|
351|-4.55|-41.42|
352|-35.55|35.85|
353|42.89|-49.75|
354|24.01|41.32|
355|-31.69|-13.59|
356|-4.02|-44.28|
357|-35.75|33.97|
358|43.66|-48.09|
359|25.13|41.67|
360|-28.96|-13.62|
361|-4.95|-42.86|
362|-34.76|33.65|
363|43.32|-47.36|
364|24.77|42.87|
365|-31.56|-14.74|
366|-5.12|-42.99|
367|-38.75|33.69|
368|43.54|-45.52|
369|25.03|42.63|
370|-30.51|-13.28|
371|-4.44|-42.62|
372|-36.56|34.44|
373|42.75|-49.37|
374|25.60|42.68|
375|-29.56|-15.39|
376|-4.91|-44.85|
377|-38.06|35.73|
378|42.41|-49.77|
379|26.06|42.10|
380|-28.13|-11.48|
381|-5.43|-44.10|
382|-35.92|35.71|
383|43.58|-48.71|
384|24.66|41.59|
385|-28.82|-14.07|
386|-5.02|-43.20|
387|-36.65|35.75|
388|41.43|-45.84|
389|26.30|40.22|
390|-30.97|-13.73|
391|-4.31|-43.80|
392|-37.10|33.77|
393|43.01|-48.25|
394|25.05|41.69|
395|-29.84|-13.59|
396|-4.17|-42.67|
397|-35.65|35.15|
398|44.36|-46.86|
399|26.72|42.77|
400|-28.81|-15.91|
401|-4.07|-43.62|
402|-36.69|34.64|
403|43.66|-48.75|
404|25.49|41.61|
405|-29.77|-13.11|
406|-3.58|-43.75|
407|-36.18|35.00|
408|41.80|-49.84|
409|25.86|43.02|
410|-29.81|-14.10|
411|-5.25|-43.14|
412|-35.62|36.01|
413|41.45|-49.86|
414|25.43|43.39|
415|-32.40|-14.16|
416|-4.54|-43.92|
417|-34.70|35.01|
418|40.94|-47.64|
419|24.12|42.28|
420|-30.46|-12.81|
421|-5.00|-43.91|
422|-36.23|35.20|
423|43.32|-48.92|
424|24.56|42.06|
425|-28.30|-13.46|
426|-3.61|-42.74|
427|-35.12|35.26|
428|44.50|-48.00|
429|24.03|41.43|
430|-30.63|-15.56|
431|-3.38|-44.17|
432|-36.36|33.28|
433|44.06|-47.98|
434|24.76|41.74|
435|-31.29|-13.50|
436|-4.89|-41.92|
437|-36.57|35.09|
438|43.29|-48.71|
439|25.64|43.09|
440|-31.21|-13.85|
441|-5.62|-45.21|
442|-35.81|34.03|
443|43.52|-50.61|
444|25.45|42.64|
445|-29.57|-14.37|
446|-4.89|-44.44|
447|-36.52|34.86|
448|41.21|-49.56|
449|23.50|41.39|
450|-30.61|-12.59|
451|-6.08|-43.24|
452|-37.19|35.70|
453|43.13|-50.09|
454|24.40|40.97|
455|-30.90|-13.05|
456|-6.57|-43.78|
457|-36.97|35.38|
458|42.64|-47.72|
459|24.31|42.34|
460|-29.72|-14.30|
461|-3.44|-43.52|
462|-36.60|35.17|
463|42.78|-49.12|
464|25.52|43.75|
465|-31.41|-15.12|
466|-4.15|-43.26|
467|-36.32|34.98|
468|43.29|-49.94|
469|26.16|41.19|
470|-29.50|-12.85|
471|-4.29|-43.24|
472|-33.75|35.26|
473|44.25|-48.63|
474|25.33|43.38|
475|-31.34|-13.89|
476|-5.45|-46.61|
477|-37.55|35.81|
478|43.81|-50.51|
479|24.91|41.75|
480|-30.65|-13.44|
481|-6.18|-43.95|
482|-37.62|34.45|
483|44.33|-49.35|
484|25.04|42.41|
485|-30.55|-15.37|
486|-3.82|-43.95|
487|-36.70|34.18|
488|42.17|-47.64|
489|25.00|42.57|
490|-28.36|-13.51|
491|-5.42|-43.80|
492|-37.00|34.61|
493|42.82|-48.76|
494|26.28|41.78|
495|-29.61|-14.46|
496|-4.18|-43.89|
497|-35.26|35.45|
498|42.70|-48.40|
499|25.86|42.83|
500|-30.83|-14.30|
501|-3.46|-44.22|
502|-37.36|34.20|
503|43.14|-49.50|
504|24.83|42.51|
505|-27.97|-12.74|
506|-3.48|-43.46|
507|-36.24|36.26|
508|43.46|-47.81|
509|26.92|41.15|
510|-30.68|-12.94|
511|-4.54|-43.79|
512|-36.64|36.66|
513|43.58|-49.13|
514|24.70|42.17|
515|-31.04|-12.00|
516|-4.54|-45.38|
517|-35.82|34.41|
518|40.70|-50.10|
519|25.52|43.07|
520|-29.09|-12.60|
521|-3.98|-44.01|
522|-35.49|34.55|
523|42.97|-48.79|
524|24.43|43.02|
525|-27.63|-13.53|
526|-5.25|-45.56|
527|-37.85|33.92|
528|42.49|-49.95|
529|25.53|41.36|
530|-29.59|-13.35|
531|-4.93|-43.90|
532|-37.06|35.09|
533|42.35|-48.38|
534|25.49|43.19|
535|-29.99|-14.08|
536|-2.03|-43.16|
537|-36.82|35.56|
538|43.85|-48.07|
539|25.58|41.47|
540|-28.91|-13.15|
541|-4.78|-43.93|
542|-37.38|35.05|
543|42.06|-48.14|
544|25.13|43.14|
545|-31.06|-12.76|
546|-4.45|-43.44|
547|-35.60|36.07|
548|43.06|-48.02|
549|25.38|42.49|
550|-29.61|-14.98|
551|-4.10|-43.49|
552|-35.71|34.35|
553|43.42|-49.12|
554|26.82|42.98|
555|-31.35|-13.48|
556|-3.75|-43.98|
557|-35.40|35.67|
558|42.42|-49.86|
559|24.08|42.61|
560|-28.05|-12.59|
561|-4.51|-44.99|
562|-36.67|35.19|
563|42.56|-48.11|
564|25.59|45.28|
565|-29.33|-13.30|
566|-5.93|-45.75|
567|-37.31|32.36|
568|42.38|-49.31|
569|26.35|43.19|
570|-29.60|-14.14|
571|-6.94|-44.68|
572|-34.42|34.39|
573|43.06|-48.68|
574|25.38|42.37|
575|-28.72|-15.74|
576|-3.46|-44.31|
577|-36.26|34.72|
578|42.06|-48.22|
579|26.80|41.70|
580|-28.97|-13.17|
581|-5.30|-42.86|
582|-36.52|36.42|
583|43.74|-47.81|
584|26.53|43.67|
585|-31.07|-14.62|
586|-3.96|-41.47|
587|-36.51|35.38|
588|42.73|-48.61|
589|26.16|41.70|
590|-28.91|-12.78|
591|-4.91|-43.60|
592|-36.98|33.83|
593|42.88|-47.60|
594|23.23|41.98|
595|-30.50|-13.19|
596|-3.80|-44.65|
597|-36.00|33.79|
598|43.41|-49.04|
599|25.35|42.79|
600|-30.01|-13.97|
601|-6.42|-43.35|
602|-36.12|34.02|
603|41.64|-48.31|
604|26.80|42.10|
605|-29.90|-13.23|
606|-3.90|-43.02|
607|-37.14|35.23|
608|43.78|-46.07|
609|25.04|41.42|
610|-29.88|-14.78|
611|-7.21|-42.79|
612|-38.39|35.87|
613|40.65|-47.93|
614|25.37|40.26|
615|-30.60|-13.47|
616|-4.93|-45.07|
617|-36.46|34.94|
618|44.40|-50.40|
619|25.21|42.47|
620|-30.62|-14.13|
621|-5.39|-42.69|
622|-37.62|34.58|
623|44.01|-48.84|
624|25.60|41.53|
625|-30.87|-13.59|
626|-4.68|-43.17|
627|-36.00|33.41|
628|41.30|-48.28|
629|27.84|42.05|
630|-30.17|-13.58|
631|-5.02|-42.82|
632|-37.40|36.66|
633|42.88|-48.33|
634|23.97|42.81|
635|-27.40|-15.09|
636|-3.34|-43.52|
637|-35.80|36.44|
638|44.25|-46.72|
639|26.30|42.22|
640|-29.44|-15.42|
641|-4.62|-43.02|
642|-37.32|35.42|
643|43.74|-48.64|
644|25.56|43.29|
645|-28.26|-12.23|
646|-1.93|-44.46|
647|-36.80|32.44|
648|42.17|-48.37|
649|25.10|41.11|
650|-29.66|-13.56|
651|-4.38|-44.46|
652|-36.37|35.00|
653|41.17|-48.72|
654|24.09|41.22|
655|-29.36|-12.60|
656|-5.97|-42.77|
657|-36.90|33.95|
658|39.20|-48.51|
659|23.56|41.37|
660|-32.41|-14.58|
661|-5.67|-45.41|
662|-35.69|34.50|
663|42.08|-49.15|
664|26.63|41.36|
665|-29.40|-14.33|
666|-4.59|-42.50|
667|-35.84|34.94|
668|39.82|-48.52|
669|23.74|40.81|
670|-30.94|-13.17|
671|-6.91|-43.90|
672|-38.11|34.84|
673|42.50|-48.46|
674|26.93|40.66|
675|-30.46|-14.16|
676|-6.42|-41.90|
677|-36.46|35.28|
678|41.46|-48.93|
679|26.82|41.65|
680|-29.79|-13.84|
681|-4.71|-44.90|
682|-38.27|35.10|
683|43.09|-48.95|
684|25.54|42.42|
685|-29.00|-14.65|
686|-4.78|-42.16|
687|-35.72|37.18|
688|42.04|-48.63|
689|24.79|40.86|
690|-29.78|-13.98|
691|-3.90|-44.55|
692|-37.10|34.52|
693|42.61|-46.80|
694|27.09|41.49|
695|-30.78|-13.57|
696|-4.84|-44.57|
697|-36.69|34.85|
698|43.87|-50.40|
699|24.15|43.49|
700|-29.98|-13.80|
701|-3.87|-45.68|
702|-35.09|34.34|
703|42.96|-49.45|
704|25.25|40.75|
705|-29.33|-12.85|
706|-5.27|-42.59|
707|-35.03|34.64|
708|43.42|-51.02|
709|26.20|40.88|
710|-29.93|-14.89|
711|-4.22|-43.94|
712|-37.34|35.57|
713|42.11|-49.84|
714|26.59|43.33|
715|-31.21|-12.96|
716|-3.72|-43.75|
717|-35.99|33.88|
718|40.96|-46.93|
719|25.48|40.54|
720|-31.07|-13.81|
721|-3.80|-42.93|
722|-36.77|34.72|
723|44.32|-47.38|
724|26.70|42.98|
725|-31.03|-14.96|
726|-5.06|-41.93|
727|-36.66|34.82|
728|41.80|-48.94|
729|25.68|40.08|
730|-30.44|-12.90|
731|-5.53|-44.15|
732|-35.23|34.85|
733|42.39|-49.10|
734|26.33|42.95|
735|-30.20|-13.29|
736|-2.87|-43.56|
737|-36.39|33.78|
738|42.47|-49.09|
739|26.25|41.59|
740|-29.64|-14.03|
741|-3.98|-44.01|
742|-35.82|35.56|
743|42.44|-48.06|
744|25.11|42.70|
745|-28.71|-13.47|
746|-4.82|-44.82|
747|-34.98|33.67|
748|43.78|-48.90|
749|24.25|41.21|
750|-31.54|-14.65|
751|-5.03|-44.43|
752|-37.02|34.83|
753|43.05|-48.49|
754|23.85|40.83|
755|-29.81|-13.52|
756|-4.45|-44.78|
757|-35.97|33.00|
758|42.57|-50.32|
759|25.11|41.87|
760|-28.96|-12.12|
761|-6.41|-44.32|
762|-35.67|34.26|
763|43.47|-50.31|
764|23.88|43.32|
765|-30.01|-14.53|
766|-5.45|-42.40|
767|-36.59|34.00|
768|41.67|-48.66|
769|25.83|40.78|
770|-31.34|-15.17|
771|-4.89|-44.06|
772|-35.19|32.95|
773|41.24|-49.30|
774|25.43|42.11|
775|-29.42|-13.47|
776|-4.60|-44.52|
777|-35.30|36.17|
778|43.10|-47.14|
779|24.69|43.33|
780|-30.74|-12.86|
781|-4.22|-44.98|
782|-37.97|35.30|
783|43.22|-49.33|
784|24.70|43.42|
785|-30.74|-13.43|
786|-5.00|-44.66|
787|-35.68|37.78|
788|44.59|-51.35|
789|26.57|40.60|
790|-30.22|-15.08|
791|-3.60|-43.39|
792|-37.26|33.79|
793|42.55|-48.74|
794|26.11|41.46|
795|-29.89|-14.05|
796|-4.21|-44.54|
797|-34.40|34.63|
798|42.26|-49.59|
799|25.89|42.41|
800|-29.69|-12.89|
801|-5.64|-43.50|
802|-37.04|34.90|
803|41.97|-49.15|
804|25.61|41.67|
805|-30.07|-12.96|
806|-7.95|-43.99|
807|-36.56|35.93|
808|42.72|-49.43|
809|24.27|42.42|
810|-29.31|-14.51|
811|-5.91|-44.82|
812|-37.51|35.57|
813|42.61|-52.11|
814|23.53|42.34|
815|-30.82|-13.44|
816|-4.86|-44.33|
817|-37.78|34.09|
818|44.14|-48.59|
819|26.29|41.60|
820|-28.32|-15.22|
821|-4.60|-46.02|
822|-36.46|34.71|
823|43.57|-49.95|
824|26.22|40.11|
825|-29.68|-13.45|
826|-4.91|-45.40|
827|-34.22|35.46|
828|41.97|-49.48|
829|26.56|41.82|
830|-30.29|-12.20|
831|-4.25|-44.33|
832|-35.27|35.85|
833|42.39|-49.16|
834|26.36|42.40|
835|-29.58|-13.71|
836|-5.36|-43.66|
837|-36.74|32.85|
838|42.70|-47.71|
839|26.74|42.65|
840|-28.24|-13.44|
841|-4.59|-45.68|
842|-37.35|34.38|
843|43.11|-48.20|
844|24.82|40.98|
845|-28.97|-12.62|
846|-5.39|-44.25|
847|-37.30|33.11|
848|41.90|-50.91|
849|26.23|42.90|
850|-30.70|-13.82|
851|-5.95|-43.23|
852|-36.65|36.24|
853|41.71|-49.78|
854|25.66|42.76|
855|-29.44|-15.12|
856|-3.74|-43.27|
857|-35.73|35.85|
858|41.99|-49.38|
859|25.56|40.19|
860|-28.49|-13.24|
861|-4.03|-41.97|
862|-38.09|36.25|
863|43.39|-48.49|
864|23.65|42.17|
865|-29.45|-13.66|
866|-4.82|-44.53|
867|-37.60|35.52|
868|43.05|-48.27|
869|24.58|43.40|
870|-30.85|-11.56|
871|-3.06|-43.05|
872|-36.94|34.52|
873|44.54|-47.58|
874|24.88|45.10|
875|-28.45|-14.95|
876|-3.29|-42.95|
877|-34.91|34.79|
878|42.90|-48.78|
879|25.34|42.75|
880|-30.02|-13.68|
881|-5.13|-43.09|
882|-36.18|33.07|
883|42.76|-49.48|
884|25.30|43.36|
885|-30.12|-13.65|
886|-3.89|-45.28|
887|-35.93|37.06|
888|41.26|-46.96|
889|25.64|40.99|
890|-29.43|-13.74|
891|-6.07|-44.80|
892|-36.28|34.83|
893|40.18|-48.69|
894|25.63|41.88|
895|-31.42|-13.84|
896|-7.83|-41.86|
897|-36.60|37.08|
898|43.19|-49.15|
899|24.00|42.25|
900|-31.47|-13.40|
901|-4.49|-45.54|
902|-35.38|35.37|
903|41.71|-48.41|
904|24.16|41.13|
905|-29.94|-13.21|
906|-3.48|-44.48|
907|-37.95|34.28|
908|43.39|-49.09|
909|28.12|42.16|
910|-30.05|-12.79|
911|-4.75|-44.20|
912|-36.00|35.48|
913|42.83|-49.59|
914|26.13|40.85|
915|-30.04|-14.72|
916|-3.67|-42.95|
917|-36.77|35.27|
918|42.94|-48.81|
919|24.68|42.79|
920|-32.27|-15.66|
921|-4.76|-44.76|
922|-37.45|35.99|
923|43.45|-49.44|
924|26.09|39.92|
925|-30.26|-13.35|
926|-6.18|-44.54|
927|-36.27|35.36|
928|42.20|-49.30|
929|26.09|39.68|
930|-29.23|-13.66|
931|-4.00|-44.10|
932|-35.90|35.42|
933|41.59|-48.21|
934|25.10|40.88|
935|-27.51|-13.19|
936|-4.65|-43.28|
937|-37.25|37.37|
938|42.58|-48.22|
939|23.62|42.14|
940|-29.49|-12.73|
941|-6.13|-43.89|
942|-37.13|35.70|
943|40.75|-49.67|
944|26.08|42.30|
945|-30.80|-12.91|
946|-3.38|-44.85|
947|-35.88|35.69|
948|41.75|-49.18|
949|25.05|44.12|
950|-30.36|-11.14|
951|-3.68|-44.10|
952|-37.08|34.82|
953|42.78|-47.38|
954|24.95|40.97|
955|-28.89|-13.67|
956|-5.54|-42.00|
957|-35.59|33.57|
958|40.85|-48.96|
959|26.66|41.45|
960|-29.23|-13.60|
961|-4.47|-43.22|
962|-37.08|36.65|
963|41.21|-50.47|
964|25.11|42.30|
965|-31.06|-13.88|
966|-5.62|-43.29|
967|-34.81|34.89|
968|42.43|-48.61|
969|24.38|41.63|
970|-30.61|-14.56|
971|-5.46|-43.99|
972|-38.12|34.85|
973|41.39|-49.62|
974|25.07|43.37|
975|-30.19|-13.07|
976|-5.09|-44.26|
977|-36.62|32.41|
978|42.65|-50.03|
979|24.94|40.18|
980|-28.85|-12.64|
981|-4.09|-43.72|
982|-35.97|34.98|
983|42.23|-46.93|
984|26.02|43.98|
985|-29.05|-12.91|
986|-5.73|-45.12|
987|-37.14|36.06|
988|43.03|-50.27|
989|25.65|43.64|
990|-27.50|-13.21|
991|-5.04|-43.71|
992|-38.05|34.50|
993|41.87|-48.99|
994|23.84|41.14|
995|-29.90|-12.85|
996|-6.57|-43.84|
997|-35.99|33.75|
998|41.81|-48.66|
999|24.06|42.63|
1000|-31.96|-13.72|
